1 3330
8 2108
9 2076
12 2072
6 2022
4 2015
10 1979
16 1941
7 1880
5 1850
11 1793
3 1776
14 1746
13 1737
2 1697
15 1693
18 1601
20 1427
17 1380
24 1286
19 1218
21 1201
22 1098
25 891
23 870
36 829
30 790
27 785
28 726
26 696
60 663
48 651
72 636
32 634
64 628
40 582
42 479
120 477
144 450
33 448
29 447
81 427
80 423
54 423
90 422
56 419
96 417
45 414
84 411
44 387
35 381
70 378
108 357
31 354
66 342
49 339
63 327
50 325
55 321
100 315
88 309
34 303
132 293
39 291
180 267
38 264
110 263
52 258
77 255
99 243
126 228
37 225
51 222
128 220
65 213
112 213
121 210
41 204
43 204
75 201
46 198
57 198
168 192
68 186
47 183
140 183
78 180
105 171
76 168
160 162
58 159
69 156
91 156
98 151
62 147
74 132
125 130
85 126
135 123
104 117
117 117
176 117
154 117
150 114
82 111
102 108
92 108
95 105
87 99
130 99
119 96
162 94
165 90
86 87
114 87
93 84
143 81
136 75
133 72
156 70
94 69
169 66
111 66
115 63
118 57
116 57
106 57
122 54
153 51
147 48
129 45
124 45
123 42
170 42
138 39
152 39
134 33
171 30
141 21
142 18
175 15
161 12
145 9
148 9
155 9
146 6
